DISCORD_TOKEN=MTM4MzgzOTAxMTAxMjg3NDMyMA.GaGkoe.SGweu7PsveWkYWlVEDyx658Bw8i-M2rd2Oy8V8
N2YO_API_KEY=C2LU5E-B9T8A7-V9EQ5J-5I80
LAT=25.147686516052705
LON=75.8366146534369
ALT=271
TARGET_CHANNEL_ID=1366763364264443904
CLIENT_ID=1383839011012874320
GUILD_ID=1338184643564015727
ALERT_CHANNEL_ID=1366763364264443904
ALERT_ROLE_ID=1135130052275753041
WEATHER_API_KEY=2c7b38d9c4ce4847b3c09773227a61e5
OPENCAGE_KEY=39c69528511349d1a217fd03583ecf50
NASA_API_KEY=xsG9chDtAVZfRHyRC1zaLFaH0g7u1knlM324uiKe
LOG_CHANNEL_ID=1385939550748147712
OPEN_API_KEY=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